pattern_count  64
item_count     6
middle_count   10
result_count   9

data     0,   0,   0,   0,   0,   0, 0, 0, 0, 0, 0, 0, 0, 0, 0
data     0,   0,   0,   0,   0, 100, 0, 0, 0, 0, 0, 0, 0, 0, 0
data     0,   0,   0,   0, 100,   0, 0, 0, 0, 0, 0, 0, 0, 0, 0
data     0,   0,   0,   0, 100, 100, 0, 0, 0, 0, 0, 0, 0, 0, 0
data     0,   0,   0, 100,   0,   0, 0, 0, 0, 0, 0, 0, 0, 0, 0
data     0,   0,   0, 100,   0, 100, 0, 0, 0, 0, 0, 0, 0, 0, 0
data     0,   0,   0, 100, 100,   0, 0, 0, 0, 0, 0, 0, 0, 0, 0
data     0,   0,   0, 100, 100, 100, 0, 0, 0, 0, 0, 0, 0, 0, 0
data     0,   0, 100,   0,   0,   0, 0, 0, 0, 0, 0, 0, 0, 0, 0
data     0,   0, 100,   0,   0, 100, 0, 0, 0, 0, 0, 0, 0, 0, 0
data     0,   0, 100,   0, 100,   0, 0, 0, 0, 0, 0, 0, 0, 0, 0
data     0,   0, 100,   0, 100, 100, 0, 0, 0, 0, 0, 0, 0, 0, 0
data     0,   0, 100, 100,   0,   0, 0, 0, 0, 0, 0, 0, 0, 0, 0
data     0,   0, 100, 100,   0, 100, 0, 0, 0, 0, 0, 0, 0, 0, 0
data     0,   0, 100, 100, 100,   0, 0, 0, 0, 0, 0, 0, 0, 0, 0
data     0,   0, 100, 100, 100, 100, 0, 0, 0, 0, 0, 0, 0, 0, 0
data     0, 100,   0,   0,   0,   0, 0, 0, 0, 0, 0, 0, 0, 0, 0
data     0, 100,   0,   0,   0, 100, 0, 0, 0, 0, 0, 0, 0, 0, 0
data     0, 100,   0,   0, 100,   0, 0, 0, 0, 0, 0, 0, 0, 0, 0
data     0, 100,   0,   0, 100, 100, 0, 0, 0, 0, 0, 0, 0, 0, 0
data     0, 100,   0, 100,   0,   0, 0, 0, 0, 0, 0, 0, 0, 0, 0
data     0, 100,   0, 100,   0, 100, 0, 0, 0, 0, 0, 0, 0, 0, 0
data     0, 100,   0, 100, 100,   0, 0, 0, 0, 0, 0, 0, 0, 0, 0
data     0, 100,   0, 100, 100, 100, 0, 0, 0, 0, 0, 0, 0, 0, 0
data     0, 100, 100,   0,   0,   0, 0, 0, 0, 0, 0, 0, 0, 0, 0
data     0, 100, 100,   0,   0, 100, 0, 0, 0, 0, 0, 0, 0, 0, 0
data     0, 100, 100,   0, 100,   0, 0, 0, 0, 0, 0, 0, 0, 0, 0
data     0, 100, 100,   0, 100, 100, 0, 0, 0, 0, 0, 0, 0, 0, 0
data     0, 100, 100, 100,   0,   0, 0, 0, 0, 0, 0, 0, 0, 0, 0
data     0, 100, 100, 100,   0, 100, 0, 0, 0, 0, 0, 0, 0, 0, 0
data     0, 100, 100, 100, 100,   0, 0, 0, 0, 0, 0, 0, 0, 0, 0
data     0, 100, 100, 100, 100, 100, 0, 0, 0, 0, 0, 0, 0, 0, 0
data   100,   0,   0,   0,   0,   0, 0, 0, 0, 0, 100, 0, 0, 0, 0
data   100,   0,   0,   0,   0, 100, 0, 0, 0, 0, 0, 0, 0, 0, 0
data   100,   0,   0,   0, 100,   0, 0, 0, 0, 0, 0, 0, 0, 0, 0
data   100,   0,   0,   0, 100, 100, 0, 0, 0, 0, 0, 0, 0, 0, 0
data   100,   0,   0, 100,   0,   0, 0, 0, 0, 0, 0, 0, 0, 0, 0
data   100,   0,   0, 100,   0, 100, 0, 0, 0, 0, 0, 0, 0, 0, 0
data   100,   0,   0, 100, 100,   0, 0, 0, 0, 0, 0, 0, 0, 0, 0
data   100,   0,   0, 100, 100, 100, 0, 0, 0, 0, 0, 0, 0, 0, 0
data   100,   0, 100,   0,   0,   0, 0, 0, 0, 0, 0, 0, 0, 0, 0
data   100,   0, 100,   0,   0, 100, 0, 0, 0, 0, 0, 0, 0, 0, 0
data   100,   0, 100,   0, 100,   0, 0, 0, 0, 0, 0, 0, 0, 0, 0
data   100,   0, 100,   0, 100, 100, 0, 0, 0, 0, 0, 0, 0, 0, 0
data   100,   0, 100, 100,   0,   0, 0, 0, 0, 0, 0, 0, 0, 0, 0
data   100,   0, 100, 100,   0, 100, 0, 0, 0, 0, 0, 0, 0, 0, 0
data   100,   0, 100, 100, 100,   0, 0, 0, 0, 0, 0, 0, 0, 0, 0
data   100,   0, 100, 100, 100, 100, 0, 0, 0, 0, 0, 0, 0, 0, 0
data   100, 100,   0,   0,   0,   0, 0, 0, 0, 0, 0, 0, 0, 0, 0
data   100, 100,   0,   0,   0, 100, 0, 0, 0, 0, 0, 0, 0, 0, 0
data   100, 100,   0,   0, 100,   0, 0, 0, 0, 0, 0, 0, 0, 0, 0
data   100, 100,   0,   0, 100, 100, 0, 0, 0, 0, 0, 0, 0, 0, 0
data   100, 100,   0, 100,   0,   0, 0, 0, 0, 0, 0, 0, 0, 0, 0
data   100, 100,   0, 100,   0, 100, 0, 0, 0, 0, 0, 0, 0, 0, 0
data   100, 100,   0, 100, 100,   0, 0, 0, 0, 0, 0, 0, 0, 0, 0
data   100, 100,   0, 100, 100, 100, 0, 0, 0, 0, 0, 0, 0, 0, 0
data   100, 100, 100,   0,   0,   0, 0, 0, 0, 0, 0, 0, 0, 0, 0
data   100, 100, 100,   0,   0, 100, 0, 0, 0, 0, 0, 0, 0, 0, 0
data   100, 100, 100,   0, 100,   0, 0, 0, 0, 0, 0, 0, 0, 0, 0
data   100, 100, 100,   0, 100, 100, 0, 0, 0, 0, 0, 0, 0, 0, 0
data   100, 100, 100, 100,   0,   0, 0, 0, 0, 0, 0, 0, 0, 0, 0
data   100, 100, 100, 100,   0, 100, 0, 0, 0, 0, 0, 0, 0, 0, 0
data   100, 100, 100, 100, 100,   0, 0, 0, 0, 0, 0, 0, 0, 0, 0
data   100, 100, 100, 100, 100, 100, 0, 0, 0, 0, 0, 0, 0, 0, 0
tags   "¤p¸Ł·s°Ď", "¦Ţ¤T°w", "ů®¤T°w", "¸Ł¤T°w", "´Ľ¤T°w", "¤UŞĎĹő¨úĄŢ", "Ż«®x GV24 + (ĄŞĄk) Ą»Ż« GB21", "¸Ł¤á GV17 + (ĄŞĄk) ¸ŁŞĹ GB19", "¦Ő¦yŞ˝¤W¤Jľv»Ú 2 ¤o¬°ů®˘ąˇAů®˘ą°wĄŞĄk®Ç¶}¦U1¤o§Y¬°ů®˘ş°w»Pů®˘»°w", "·G¬uĄŢ GV23 ¤W¤@¤oˇB¤W·G¬uĄŢĄŞĄk®Ç¶} 0.8 ¤o", "¦bŞEĄ~˛Ę¶©ĄYĄXłB¦V¤U 2 cmˇAĄŞĄk®Ç¶} 1 cmŞş˝dłň¤şˇC", "¦Ę·|", "­·¦Ŕ", "Ák­·", "Ŕô¸ő"
end
