pattern_count  64
item_count     6
middle_count   10
result_count   9


data     0,   0,   0,   0,   0,   0, 0, 0, 0, 0, 0, 0, 0, 0, 0
data     0,   0,   0,   0,   0, 100, 0, 0, 0, 0, 0, 0, 0, 0, 0
data     0,   0,   0,   0, 100,   0, 0, 0, 0, 0, 0, 0, 0, 0, 0
data     0,   0,   0,   0, 100, 100, 0, 0, 0, 0, 0, 0, 0, 0, 0
data     0,   0,   0, 100,   0,   0, 0, 0, 0, 0, 0, 0, 0, 0, 0
data     0,   0,   0, 100,   0, 100, 0, 0, 0, 0, 0, 0, 0, 0, 0
data     0,   0,   0, 100, 100,   0, 0, 0, 0, 0, 0, 0, 0, 0, 0
data     0,   0,   0, 100, 100, 100, 0, 0, 0, 0, 0, 0, 0, 0, 0
data     0,   0, 100,   0,   0,   0, 0, 0, 0, 0, 0, 0, 0, 0, 0
data     0,   0, 100,   0,   0, 100, 0, 0, 0, 0, 0, 0, 0, 0, 0
data     0,   0, 100,   0, 100,   0, 0, 0, 0, 0, 0, 0, 0, 0, 0
data     0,   0, 100,   0, 100, 100, 0, 0, 0, 0, 0, 0, 0, 0, 0
data     0,   0, 100, 100,   0,   0, 0, 0, 0, 0, 0, 0, 0, 0, 0
data     0,   0, 100, 100,   0, 100, 0, 0, 0, 0, 0, 0, 0, 0, 0
data     0,   0, 100, 100, 100,   0, 0, 0, 0, 0, 0, 0, 0, 0, 0
data     0,   0, 100, 100, 100, 100, 0, 0, 0, 0, 0, 0, 0, 0, 0
data     0, 100,   0,   0,   0,   0, 0, 0, 0, 0, 0, 0, 0, 0, 0
data     0, 100,   0,   0,   0, 100, 0, 0, 0, 0, 0, 0, 0, 0, 0
data     0, 100,   0,   0, 100,   0, 0, 0, 0, 0, 0, 0, 0, 0, 0
data     0, 100,   0,   0, 100, 100, 0, 0, 0, 0, 0, 0, 0, 0, 0
data     0, 100,   0, 100,   0,   0, 0, 0, 0, 0, 0, 0, 0, 0, 0
data     0, 100,   0, 100,   0, 100, 0, 0, 0, 0, 0, 0, 0, 0, 0
data     0, 100,   0, 100, 100,   0, 0, 0, 0, 0, 0, 0, 0, 0, 0
data     0, 100,   0, 100, 100, 100, 0, 0, 0, 0, 0, 0, 0, 0, 0
data     0, 100, 100,   0,   0,   0, 0, 0, 0, 0, 0, 0, 0, 0, 0
data     0, 100, 100,   0,   0, 100, 0, 0, 0, 0, 0, 0, 0, 0, 0
data     0, 100, 100,   0, 100,   0, 0, 0, 0, 0, 0, 0, 0, 0, 0
data     0, 100, 100,   0, 100, 100, 0, 0, 0, 0, 0, 0, 0, 0, 0
data     0, 100, 100, 100,   0,   0, 0, 0, 0, 0, 0, 0, 0, 0, 0
data     0, 100, 100, 100,   0, 100, 0, 0, 0, 0, 0, 0, 0, 0, 0
data     0, 100, 100, 100, 100,   0, 0, 0, 0, 0, 0, 0, 0, 0, 0
data     0, 100, 100, 100, 100, 100, 0, 0, 0, 0, 0, 0, 0, 0, 0
data   100,   0,   0,   0,   0,   0, 0, 0, 0, 0, 0, 0, 0, 100, 0
data   100,   0,   0,   0,   0, 100, 0, 0, 0, 0, 0, 0, 0, 0, 0
data   100,   0,   0,   0, 100,   0, 0, 0, 0, 0, 0, 0, 0, 0, 0
data   100,   0,   0,   0, 100, 100, 0, 0, 0, 0, 0, 0, 0, 0, 0
data   100,   0,   0, 100,   0,   0, 0, 0, 0, 0, 0, 0, 0, 0, 0
data   100,   0,   0, 100,   0, 100, 0, 0, 0, 0, 0, 0, 0, 0, 0
data   100,   0,   0, 100, 100,   0, 0, 0, 0, 0, 0, 0, 0, 0, 0
data   100,   0,   0, 100, 100, 100, 0, 0, 0, 0, 0, 0, 0, 0, 0
data   100,   0, 100,   0,   0,   0, 0, 0, 0, 0, 0, 0, 0, 0, 0
data   100,   0, 100,   0,   0, 100, 0, 0, 0, 0, 0, 0, 0, 0, 0
data   100,   0, 100,   0, 100,   0, 0, 0, 0, 0, 0, 0, 0, 0, 0
data   100,   0, 100,   0, 100, 100, 0, 0, 0, 0, 0, 0, 0, 0, 0
data   100,   0, 100, 100,   0,   0, 0, 0, 0, 0, 0, 0, 0, 0, 0
data   100,   0, 100, 100,   0, 100, 0, 0, 0, 0, 0, 0, 0, 0, 0
data   100,   0, 100, 100, 100,   0, 0, 0, 0, 0, 0, 0, 0, 0, 0
data   100,   0, 100, 100, 100, 100, 0, 0, 0, 0, 0, 0, 0, 0, 0
data   100, 100,   0,   0,   0,   0, 0, 0, 0, 0, 0, 0, 0, 0, 0
data   100, 100,   0,   0,   0, 100, 0, 0, 0, 0, 0, 0, 0, 0, 0
data   100, 100,   0,   0, 100,   0, 0, 0, 0, 0, 0, 0, 0, 0, 0
data   100, 100,   0,   0, 100, 100, 0, 0, 0, 0, 0, 0, 0, 0, 0
data   100, 100,   0, 100,   0,   0, 0, 0, 0, 0, 0, 0, 0, 0, 0
data   100, 100,   0, 100,   0, 100, 0, 0, 0, 0, 0, 0, 0, 0, 0
data   100, 100,   0, 100, 100,   0, 0, 0, 0, 0, 0, 0, 0, 0, 0
data   100, 100,   0, 100, 100, 100, 0, 0, 0, 0, 0, 0, 0, 0, 0
data   100, 100, 100,   0,   0,   0, 0, 0, 0, 0, 0, 0, 0, 0, 0
data   100, 100, 100,   0,   0, 100, 0, 0, 0, 0, 0, 0, 0, 0, 0
data   100, 100, 100,   0, 100,   0, 0, 0, 0, 0, 0, 0, 0, 0, 0
data   100, 100, 100,   0, 100, 100, 0, 0, 0, 0, 0, 0, 0, 0, 0
data   100, 100, 100, 100,   0,   0, 0, 0, 0, 0, 0, 0, 0, 0, 0
data   100, 100, 100, 100,   0, 100, 0, 0, 0, 0, 0, 0, 0, 0, 0
data   100, 100, 100, 100, 100,   0, 0, 0, 0, 0, 0, 0, 0, 0, 0
data   100, 100, 100, 100, 100, 100, 0, 0, 0, 0, 0, 0, 0, 0, 0

tags "ĄŐ¦ĺ˛yĽW¦hŻg", "¬ő¦ĺ˛yĽWĄÍŻg", "¦ĺ¦âŻŔąL°Ş", "łh¦ĺ", "ĄŐ¦ĺ˛y§C¤UŻg", "¨xĄ\Żŕ GPT ąL°Ş", "Ą|Ş«´ö + Şü˝¦", "­ą¸É", "°w: (¨¬¤T¨˝/®đ®ü/¦Ę·|)ˇB(¤Tł±Ąć/¦ĺ®ü/ÁôĄŐ/¦ć¶ˇ)", "»Ý¤Ŕżë­ě¦]¸ű¦hˇA¦p˛ć¤ôˇBŞÍŻfˇB¨xŻfˇB©~¦í¦b°Ş®ü©ŢˇA°©ĹčŻe±wˇBŻu©Ę¬ő¦ĺ˛yĽWĄÍŻg", "Á×§K¦ĺ˛GÂHş˘ (Aspirin)ˇA¸ÉĄR¤ô¤ŔˇAľA«×ąB°ĘˇA©ń¦ĺ", "Hydroxyurea ¤ĆŔř, busulfan ¤ĆŔř", "ŻS®íłć®č§ÜĹéĂÄŞ«", "»ÝĹ˛§O¶EÂ_: ·P¬V, ąL±Ó, §K¬ĚŻe±w, µĘ¤Á°Ł", "¦ĺ©˛łv·ď´ö"
end
