pattern_count  64
item_count     6
middle_count   10
result_count   9


data     0,   0,   0,   0,   0,   0, 0, 0, 0, 0, 0, 0, 0, 0, 0
data     0,   0,   0,   0,   0, 100, 0, 0, 0, 0, 0, 0, 0, 0, 0
data     0,   0,   0,   0, 100,   0, 0, 0, 0, 0, 0, 0, 0, 0, 0
data     0,   0,   0,   0, 100, 100, 0, 0, 0, 0, 0, 0, 0, 0, 0
data     0,   0,   0, 100,   0,   0, 0, 0, 0, 0, 0, 0, 0, 0, 0
data     0,   0,   0, 100,   0, 100, 0, 0, 0, 0, 0, 0, 0, 0, 0
data     0,   0,   0, 100, 100,   0, 0, 0, 0, 0, 0, 0, 0, 0, 0
data     0,   0,   0, 100, 100, 100, 0, 0, 0, 0, 0, 0, 0, 0, 0
data     0,   0, 100,   0,   0,   0, 0, 0, 0, 0, 0, 0, 0, 0, 0
data     0,   0, 100,   0,   0, 100, 0, 0, 0, 0, 0, 0, 0, 0, 0
data     0,   0, 100,   0, 100,   0, 0, 0, 0, 0, 0, 0, 0, 0, 0
data     0,   0, 100,   0, 100, 100, 0, 0, 0, 0, 0, 0, 0, 0, 0
data     0,   0, 100, 100,   0,   0, 0, 0, 0, 0, 0, 0, 0, 0, 0
data     0,   0, 100, 100,   0, 100, 0, 0, 0, 0, 0, 0, 0, 0, 0
data     0,   0, 100, 100, 100,   0, 0, 0, 0, 0, 0, 0, 0, 0, 0
data     0,   0, 100, 100, 100, 100, 0, 0, 0, 0, 0, 0, 0, 0, 0
data     0, 100,   0,   0,   0,   0, 0, 0, 0, 0, 0, 0, 0, 0, 0
data     0, 100,   0,   0,   0, 100, 0, 0, 0, 0, 0, 0, 0, 0, 0
data     0, 100,   0,   0, 100,   0, 0, 0, 0, 0, 0, 0, 0, 0, 0
data     0, 100,   0,   0, 100, 100, 0, 0, 0, 0, 0, 0, 0, 0, 0
data     0, 100,   0, 100,   0,   0, 0, 0, 0, 0, 0, 0, 0, 0, 0
data     0, 100,   0, 100,   0, 100, 0, 0, 0, 0, 0, 0, 0, 0, 0
data     0, 100,   0, 100, 100,   0, 0, 0, 0, 0, 0, 0, 0, 0, 0
data     0, 100,   0, 100, 100, 100, 0, 0, 0, 0, 0, 0, 0, 0, 0
data     0, 100, 100,   0,   0,   0, 0, 0, 0, 0, 0, 0, 0, 0, 0
data     0, 100, 100,   0,   0, 100, 0, 0, 0, 0, 0, 0, 0, 0, 0
data     0, 100, 100,   0, 100,   0, 0, 0, 0, 0, 0, 0, 0, 0, 0
data     0, 100, 100,   0, 100, 100, 0, 0, 0, 0, 0, 0, 0, 0, 0
data     0, 100, 100, 100,   0,   0, 0, 0, 0, 0, 0, 0, 0, 0, 0
data     0, 100, 100, 100,   0, 100, 0, 0, 0, 0, 0, 0, 0, 0, 0
data     0, 100, 100, 100, 100,   0, 0, 0, 0, 0, 0, 0, 0, 0, 0
data     0, 100, 100, 100, 100, 100, 0, 0, 0, 0, 0, 0, 0, 0, 0
data   100,   0,   0,   0,   0,   0, 0, 0, 0, 0, 0, 0, 0, 0, 0
data   100,   0,   0,   0,   0, 100, 0, 0, 0, 0, 0, 0, 0, 0, 0
data   100,   0,   0,   0, 100,   0, 0, 0, 0, 0, 0, 0, 0, 0, 0
data   100,   0,   0,   0, 100, 100, 0, 0, 0, 0, 0, 0, 0, 0, 0
data   100,   0,   0, 100,   0,   0, 0, 0, 0, 0, 0, 0, 0, 0, 0
data   100,   0,   0, 100,   0, 100, 0, 0, 0, 0, 0, 0, 0, 0, 0
data   100,   0,   0, 100, 100,   0, 0, 0, 0, 0, 0, 0, 0, 0, 0
data   100,   0,   0, 100, 100, 100, 0, 0, 0, 0, 0, 0, 0, 0, 0
data   100,   0, 100,   0,   0,   0, 0, 0, 0, 0, 0, 0, 0, 0, 0
data   100,   0, 100,   0,   0, 100, 0, 0, 0, 0, 0, 0, 0, 0, 0
data   100,   0, 100,   0, 100,   0, 0, 0, 0, 0, 0, 0, 0, 0, 0
data   100,   0, 100,   0, 100, 100, 0, 0, 0, 0, 0, 0, 0, 0, 0
data   100,   0, 100, 100,   0,   0, 0, 0, 0, 0, 0, 0, 0, 0, 0
data   100,   0, 100, 100,   0, 100, 0, 0, 0, 0, 0, 0, 0, 0, 0
data   100,   0, 100, 100, 100,   0, 0, 0, 0, 0, 0, 0, 0, 0, 0
data   100,   0, 100, 100, 100, 100, 0, 0, 0, 0, 0, 0, 0, 0, 0
data   100, 100,   0,   0,   0,   0, 100, 0, 0, 0, 0, 0, 0, 0, 0
data   100, 100,   0,   0,   0, 100, 0, 0, 0, 0, 0, 0, 0, 0, 0
data   100, 100,   0,   0, 100,   0, 0, 0, 0, 0, 0, 0, 0, 0, 0
data   100, 100,   0,   0, 100, 100, 0, 0, 0, 0, 0, 0, 0, 0, 0
data   100, 100,   0, 100,   0,   0, 0, 0, 0, 0, 0, 0, 0, 0, 0
data   100, 100,   0, 100,   0, 100, 0, 0, 0, 0, 0, 0, 0, 0, 0
data   100, 100,   0, 100, 100,   0, 0, 0, 0, 0, 0, 0, 0, 0, 0
data   100, 100,   0, 100, 100, 100, 0, 0, 0, 0, 0, 0, 0, 0, 0
data   100, 100, 100,   0,   0,   0, 0, 0, 0, 0, 0, 0, 0, 0, 0
data   100, 100, 100,   0,   0, 100, 0, 0, 0, 0, 0, 0, 0, 0, 0
data   100, 100, 100,   0, 100,   0, 0, 0, 0, 0, 0, 0, 0, 0, 0
data   100, 100, 100,   0, 100, 100, 0, 0, 0, 0, 0, 0, 0, 0, 0
data   100, 100, 100, 100,   0,   0, 0, 0, 0, 0, 0, 0, 0, 0, 0
data   100, 100, 100, 100,   0, 100, 0, 0, 0, 0, 0, 0, 0, 0, 0
data   100, 100, 100, 100, 100,   0, 0, 0, 0, 0, 0, 0, 0, 0, 0
data   100, 100, 100, 100, 100, 100, 0, 0, 0, 0, 0, 0, 0, 0, 0

tags "風證", "火熱證", "痰證", "血瘀證", "氣虛證", "陰虛陽亢證", "安宮牛黃丸", "牽正散", "蘇合香丸", "地黃飲子", "溫膽湯", "生脈散", "補陽還五湯", "甘露消毒丹", "血府逐瘀湯"
end
