pattern_count  64
item_count     6
middle_count   10
result_count   9

data     0,   0,   0,   0,   0,   0, 0, 0, 0, 0, 0, 0, 0, 0, 0
data     0,   0,   0,   0,   0, 100, 0, 0, 0, 0, 0, 0, 0, 0, 0
data     0,   0,   0,   0, 100,   0, 0, 0, 0, 0, 0, 0, 0, 0, 0
data     0,   0,   0,   0, 100, 100, 0, 0, 0, 0, 0, 0, 0, 0, 0
data     0,   0,   0, 100,   0,   0, 0, 0, 0, 0, 0, 0, 0, 0, 0
data     0,   0,   0, 100,   0, 100, 0, 0, 0, 0, 0, 0, 0, 0, 0
data     0,   0,   0, 100, 100,   0, 0, 0, 0, 0, 0, 0, 0, 0, 0
data     0,   0,   0, 100, 100, 100, 0, 0, 0, 0, 0, 0, 0, 0, 0
data     0,   0, 100,   0,   0,   0, 0, 0, 0, 0, 0, 0, 0, 0, 0
data     0,   0, 100,   0,   0, 100, 0, 0, 0, 0, 0, 0, 0, 0, 0
data     0,   0, 100,   0, 100,   0, 0, 0, 0, 0, 0, 0, 0, 0, 0
data     0,   0, 100,   0, 100, 100, 0, 0, 0, 0, 0, 0, 0, 0, 0
data     0,   0, 100, 100,   0,   0, 0, 0, 0, 0, 0, 0, 0, 0, 0
data     0,   0, 100, 100,   0, 100, 0, 0, 0, 0, 0, 0, 0, 0, 0
data     0,   0, 100, 100, 100,   0, 0, 0, 0, 0, 0, 0, 0, 0, 0
data     0,   0, 100, 100, 100, 100, 0, 0, 0, 0, 0, 0, 0, 0, 0
data     0, 100,   0,   0,   0,   0, 0, 0, 0, 0, 0, 0, 0, 0, 0
data     0, 100,   0,   0,   0, 100, 0, 0, 0, 0, 0, 0, 0, 0, 0
data     0, 100,   0,   0, 100,   0, 0, 0, 0, 0, 0, 0, 0, 0, 0
data     0, 100,   0,   0, 100, 100, 0, 0, 0, 0, 0, 0, 0, 0, 0
data     0, 100,   0, 100,   0,   0, 0, 0, 0, 0, 0, 0, 0, 0, 0
data     0, 100,   0, 100,   0, 100, 0, 0, 0, 0, 0, 0, 0, 0, 0
data     0, 100,   0, 100, 100,   0, 0, 0, 0, 0, 0, 0, 0, 0, 0
data     0, 100,   0, 100, 100, 100, 0, 0, 0, 0, 0, 0, 0, 0, 0
data     0, 100, 100,   0,   0,   0, 0, 0, 0, 0, 0, 0, 0, 0, 0
data     0, 100, 100,   0,   0, 100, 0, 0, 0, 0, 0, 0, 0, 0, 0
data     0, 100, 100,   0, 100,   0, 0, 0, 0, 0, 0, 0, 0, 0, 0
data     0, 100, 100,   0, 100, 100, 0, 0, 0, 0, 0, 0, 0, 0, 0
data     0, 100, 100, 100,   0,   0, 0, 0, 0, 0, 0, 0, 0, 0, 0
data     0, 100, 100, 100,   0, 100, 0, 0, 0, 0, 0, 0, 0, 0, 0
data     0, 100, 100, 100, 100,   0, 0, 0, 0, 0, 0, 0, 0, 0, 0
data     0, 100, 100, 100, 100, 100, 0, 0, 0, 0, 0, 0, 0, 0, 0
data   100,   0,   0,   0,   0,   0, 0, 0, 100, 0, 0, 0, 0, 0, 0
data   100,   0,   0,   0,   0, 100, 0, 0, 0, 0, 0, 0, 0, 0, 0
data   100,   0,   0,   0, 100,   0, 0, 0, 0, 0, 0, 0, 0, 0, 0
data   100,   0,   0,   0, 100, 100, 0, 0, 0, 0, 0, 0, 0, 0, 0
data   100,   0,   0, 100,   0,   0, 0, 0, 0, 0, 0, 0, 0, 0, 0
data   100,   0,   0, 100,   0, 100, 0, 0, 0, 0, 0, 0, 0, 0, 0
data   100,   0,   0, 100, 100,   0, 0, 0, 0, 0, 0, 0, 0, 0, 0
data   100,   0,   0, 100, 100, 100, 0, 0, 0, 0, 0, 0, 0, 0, 0
data   100,   0, 100,   0,   0,   0, 0, 0, 0, 0, 0, 0, 0, 0, 0
data   100,   0, 100,   0,   0, 100, 0, 0, 0, 0, 0, 0, 0, 0, 0
data   100,   0, 100,   0, 100,   0, 0, 0, 0, 0, 0, 0, 0, 0, 0
data   100,   0, 100,   0, 100, 100, 0, 0, 0, 0, 0, 0, 0, 0, 0
data   100,   0, 100, 100,   0,   0, 0, 0, 0, 0, 0, 0, 0, 0, 0
data   100,   0, 100, 100,   0, 100, 0, 0, 0, 0, 0, 0, 0, 0, 0
data   100,   0, 100, 100, 100,   0, 0, 0, 0, 0, 0, 0, 0, 0, 0
data   100,   0, 100, 100, 100, 100, 0, 0, 0, 0, 0, 0, 0, 0, 0
data   100, 100,   0,   0,   0,   0, 0, 0, 0, 0, 0, 0, 0, 0, 0
data   100, 100,   0,   0,   0, 100, 0, 0, 0, 0, 0, 0, 0, 0, 0
data   100, 100,   0,   0, 100,   0, 0, 0, 0, 0, 0, 0, 0, 0, 0
data   100, 100,   0,   0, 100, 100, 0, 0, 0, 0, 0, 0, 0, 0, 0
data   100, 100,   0, 100,   0,   0, 0, 0, 0, 0, 0, 0, 0, 0, 0
data   100, 100,   0, 100,   0, 100, 0, 0, 0, 0, 0, 0, 0, 0, 0
data   100, 100,   0, 100, 100,   0, 0, 0, 0, 0, 0, 0, 0, 0, 0
data   100, 100,   0, 100, 100, 100, 0, 0, 0, 0, 0, 0, 0, 0, 0
data   100, 100, 100,   0,   0,   0, 0, 0, 0, 0, 0, 0, 0, 0, 0
data   100, 100, 100,   0,   0, 100, 0, 0, 0, 0, 0, 0, 0, 0, 0
data   100, 100, 100,   0, 100,   0, 0, 0, 0, 0, 0, 0, 0, 0, 0
data   100, 100, 100,   0, 100, 100, 0, 0, 0, 0, 0, 0, 0, 0, 0
data   100, 100, 100, 100,   0,   0, 0, 0, 0, 0, 0, 0, 0, 0, 0
data   100, 100, 100, 100,   0, 100, 0, 0, 0, 0, 0, 0, 0, 0, 0
data   100, 100, 100, 100, 100,   0, 0, 0, 0, 0, 0, 0, 0, 0, 0
data   100, 100, 100, 100, 100, 100, 0, 0, 0, 0, 0, 0, 0, 0, 0
tags   "顳三針", "腦三針", "智三針", "下肢癱取穴", "上肢癱取穴", "頭部取穴", "神庭 GV24 + (左右) 本神 GB21", "腦戶 GV17 + (左右) 腦空 GB19", "耳尖直上入髮際 2 寸為顳Ⅰ，顳Ⅰ針左右旁開各1寸即為顳Ⅱ針與顳Ⅲ針", "外關", "合谷", "百會", "風池", "翳風", "環跳"
end
